 O   0.0000000000000000        0.0000000000000000        0.0000000000000000     
N       -1.796666667   -1.037305984   -3.350000000
N       -0.571666667   -0.330051904   -3.350000000
C       -1.796666667   -1.037305984   -0.000000000
C        0.653333333    0.377202176   -0.000000000
N       -1.796666667   -1.037305984    3.350000000
N       -0.571666667   -0.330051904    3.350000000
N       -0.571666667    1.084456256   -3.350000000
N        0.653333333    1.791710335   -3.350000000
C       -0.571666667    1.084456256   -0.000000000
C        1.878333333    2.498964415   -0.000000000
N       -3.021666667   -3.159068223   -3.350000000
N       -1.796666667   -2.451814143   -3.350000000
C       -3.021666667   -3.159068223   -0.000000000
C       -0.571666667   -1.744560063   -0.000000000
N       -0.571666667    1.084456256    3.350000000
N        0.653333333    1.791710335    3.350000000
N       -3.021666667   -3.159068223    3.350000000
N       -1.796666667   -2.451814143    3.350000000
N        0.653333333    3.206218495   -3.350000000
N        1.878333333    3.913472575   -3.350000000
C        0.653333333    3.206218495   -0.000000000
C        3.103333333    4.620726654   -0.000000000
N       -4.246666667   -5.280830462   -3.350000000
N       -3.021666667   -4.573576382   -3.350000000
C       -4.246666667   -5.280830462   -0.000000000
C       -1.796666667   -3.866322303   -0.000000000
N        0.653333333    3.206218495    3.350000000
N        1.878333333    3.913472575    3.350000000
N       -4.246666667   -5.280830462    3.350000000
N       -3.021666667   -4.573576382    3.350000000
N        1.878333333    5.327980734   -3.350000000
C        1.878333333    5.327980734   -0.000000000
N        1.878333333    5.327980734    3.350000000
N        0.653333333   -1.037305984   -3.350000000
N        1.878333333   -0.330051904   -3.350000000
C        0.653333333   -1.037305984   -0.000000000
C        3.103333333    0.377202176   -0.000000000
N       -4.246666667   -1.037305984   -3.350000000
N       -3.021666667   -0.330051904   -3.350000000
C       -4.246666667   -1.037305984   -0.000000000
C       -1.796666667    0.377202176   -0.000000000
N        0.653333333   -1.037305984    3.350000000
N        1.878333333   -0.330051904    3.350000000
N       -4.246666667   -1.037305984    3.350000000
N       -3.021666667   -0.330051904    3.350000000
N        1.878333333    1.084456256   -3.350000000
N        3.103333333    1.791710335   -3.350000000
C        1.878333333    1.084456256   -0.000000000
C        4.328333333    2.498964415   -0.000000000
N       -0.571666667   -3.159068223   -3.350000000
N        0.653333333   -2.451814143   -3.350000000
C       -0.571666667   -3.159068223   -0.000000000
C        1.878333333   -1.744560063   -0.000000000
N       -3.021666667    1.084456256   -3.350000000
N       -1.796666667    1.791710335   -3.350000000
C       -3.021666667    1.084456256   -0.000000000
C       -0.571666667    2.498964415   -0.000000000
N       -5.471666667   -3.159068223   -3.350000000
N       -4.246666667   -2.451814143   -3.350000000
C       -5.471666667   -3.159068223   -0.000000000
C       -3.021666667   -1.744560063   -0.000000000
N        1.878333333    1.084456256    3.350000000
N        3.103333333    1.791710335    3.350000000
N       -0.571666667   -3.159068223    3.350000000
N        0.653333333   -2.451814143    3.350000000
N       -3.021666667    1.084456256    3.350000000
N       -1.796666667    1.791710335    3.350000000
N       -5.471666667   -3.159068223    3.350000000
N       -4.246666667   -2.451814143    3.350000000
N        3.103333333    3.206218495   -3.350000000
N        4.328333333    3.913472575   -3.350000000
C        3.103333333    3.206218495   -0.000000000
N       -1.796666667   -5.280830462   -3.350000000
N       -0.571666667   -4.573576382   -3.350000000
C       -1.796666667   -5.280830462   -0.000000000
C        0.653333333   -3.866322303   -0.000000000
N       -1.796666667    3.206218495   -3.350000000
N       -0.571666667    3.913472575   -3.350000000
C       -1.796666667    3.206218495   -0.000000000
C        0.653333333    4.620726654   -0.000000000
N       -5.471666667   -4.573576382   -3.350000000
C       -4.246666667   -3.866322303   -0.000000000
N        3.103333333    3.206218495    3.350000000
N        4.328333333    3.913472575    3.350000000
N       -1.796666667   -5.280830462    3.350000000
N       -0.571666667   -4.573576382    3.350000000
N       -1.796666667    3.206218495    3.350000000
N       -0.571666667    3.913472575    3.350000000
N       -5.471666667   -4.573576382    3.350000000
N        4.328333333    5.327980734   -3.350000000
C        4.328333333    5.327980734   -0.000000000
N       -0.571666667    5.327980734   -3.350000000
C       -0.571666667    5.327980734   -0.000000000
N        4.328333333    5.327980734    3.350000000
N       -0.571666667    5.327980734    3.350000000
N        3.103333333   -1.037305984   -3.350000000
N        4.328333333   -0.330051904   -3.350000000
C        3.103333333   -1.037305984   -0.000000000
N       -5.471666667   -0.330051904   -3.350000000
C       -4.246666667    0.377202176   -0.000000000
N        3.103333333   -1.037305984    3.350000000
N        4.328333333   -0.330051904    3.350000000
N       -5.471666667   -0.330051904    3.350000000
N        4.328333333    1.084456256   -3.350000000
C        4.328333333    1.084456256   -0.000000000
N        1.878333333   -3.159068223   -3.350000000
N        3.103333333   -2.451814143   -3.350000000
C        1.878333333   -3.159068223   -0.000000000
C        4.328333333   -1.744560063   -0.000000000
N       -5.471666667    1.084456256   -3.350000000
N       -4.246666667    1.791710335   -3.350000000
C       -5.471666667    1.084456256   -0.000000000
C       -3.021666667    2.498964415   -0.000000000
C       -5.471666667   -1.744560063   -0.000000000
N        4.328333333    1.084456256    3.350000000
N        1.878333333   -3.159068223    3.350000000
N        3.103333333   -2.451814143    3.350000000
N       -5.471666667    1.084456256    3.350000000
N       -4.246666667    1.791710335    3.350000000
N        0.653333333   -5.280830462   -3.350000000
N        1.878333333   -4.573576382   -3.350000000
C        0.653333333   -5.280830462   -0.000000000
C        3.103333333   -3.866322303   -0.000000000
N       -4.246666667    3.206218495   -3.350000000
N       -3.021666667    3.913472575   -3.350000000
C       -4.246666667    3.206218495   -0.000000000
C       -1.796666667    4.620726654   -0.000000000
N        0.653333333   -5.280830462    3.350000000
N        1.878333333   -4.573576382    3.350000000
N       -4.246666667    3.206218495    3.350000000
N       -3.021666667    3.913472575    3.350000000
N       -3.021666667    5.327980734   -3.350000000
C       -3.021666667    5.327980734   -0.000000000
N       -3.021666667    5.327980734    3.350000000
N        4.328333333   -3.159068223   -3.350000000
C        4.328333333   -3.159068223   -0.000000000
C       -5.471666667    2.498964415   -0.000000000
N        4.328333333   -3.159068223    3.350000000
N        3.103333333   -5.280830462   -3.350000000
N        4.328333333   -4.573576382   -3.350000000
C        3.103333333   -5.280830462   -0.000000000
N       -5.471666667    3.913472575   -3.350000000
C       -4.246666667    4.620726654   -0.000000000
N        3.103333333   -5.280830462    3.350000000
N        4.328333333   -4.573576382    3.350000000
N       -5.471666667    3.913472575    3.350000000
N       -5.471666667    5.327980734   -3.350000000
C       -5.471666667    5.327980734   -0.000000000
N       -5.471666667    5.327980734    3.350000000
