   0.0000000000000000        0.0000000000000000        0.0000000000000000     
   1.2250000000000001       0.70725407975729149        0.0000000000000000     
   0.0000000000000000        0.0000000000000000        3.3500000000000001     
   2.4500000000000002        1.4145081595145830        3.3500000000000001     
   0.0000000000000000        0.0000000000000000        6.7000000000000002     
   1.2250000000000001       0.70725407975729149        6.7000000000000002     
   1.2250000000000001        2.1217622392718747        0.0000000000000000     
   1.2250000000000001        2.1217622392718747        3.3500000000000001     
   1.2250000000000001        2.1217622392718747        6.7000000000000002     
   2.4500000000000002        0.0000000000000000        0.0000000000000000     
   2.4500000000000002        0.0000000000000000        3.3500000000000001     
   2.4500000000000002        0.0000000000000000        6.7000000000000002     
   3.6750000000000003        2.1217622392718747        0.0000000000000000     
   3.6750000000000003        2.1217622392718747        3.3500000000000001     
   3.6750000000000003        2.1217622392718747        6.7000000000000002     
